816 656
898 304
875 264
656 510
739 360
63 276
423 737
677 53
234 148
696 673
559 813
349 687
476 878
782 610
851 874
593 847
465 452
492 667
349 776
526 721
916 629
266 854
372 802
730 369
588 355
79 82
74 671
289 503
204 418
409 497
565 167
874 908
209 893
498 21
321 274
601 546
667 549
708 131
223 45
503 300
338 756
801 324
531 121
565 327
486 916
411 676
450 547
21 641
930 387
491 406
205 804
539 226
345 53
612 615
267 76
838 919
995 176
341 854
954 605
948 3
69 530
727 859
722 921
910 344
500 826
304 777
914 590
726 189
720 980
757 288
342 579
828 16
816 1
72 736
601 525
47 30
181 898
139 435
247 184
413 893
711 369
176 506
360 389
995 403
334 591
842 295
740 587
258 775
82 952
147 766
761 601
650 313
738 43
198 115
846 512
717 400
94 614
114 291
694 482
680 490
835 519
373 460
466 509
803 212
386 807
247 300
11 819
132 118
655 86
196 100
195 839
564 407
927 502
938 477
714 838
569 996
99 256
825 260
209 473
563 300
455 49
111 579
144 171
584 987
689 503
492 840
707 219
231 871
406 267
591 687
480 537
849 870
117 916
606 256
615 459
123 926
26 161
678 205
743 99
481 470
907 95
963 245
154 397
437 305
873 904
155 709
195 178
537 451
444 931
998 650
921 111
12 981
646 214
689 365
576 415
998 434
249 158
360 532
718 78
941 401
217 723
534 102
509 765
494 805
813 648
603 871
149 112
9 205
426 512
942 759
75 297
543 513
519 499
957 35
725 161
495 998
946 899
295 715
448 748
406 916
62 94
184 373
787 339
673 749
437 169
105 162
464 51
657 250
269 927
513 208
594 902
636 559
241 769
309 487
435 357
650 139
59 643
916 31
336 795
420 566
431 717
576 97
727 852
230 277
897 698
420 727
154 153
199 604
193 609
619 916
264 799
489 457
629 357
613 246
360 926
38 640
921 387
883 904
503 53
370 629
841 602
246 78
160 817
793 23
149 116
964 801
582 313
426 492
639 439
843 488
899 406
741 781
590 365
683 122
265 635
748 150
349 683
327 881
760 702
153 77
483 707
487 555
979 55
742 999
977 717
17 475
929 201
48 78
808 156
879 711
690 603
582 785
992 721
175 972
762 887
550 851
884 118
992 935
793 966
609 372
379 324
406 112
558 439
278 891
435 652
245 631
460 740
456 552
862 940
404 267
938 882
438 568
101 373
5 102
582 622
457 508
326 95
527 349
440 555
191 932
240 883
532 866
323 348
722 249
73 37
587 790
655 905
772 890
93 54
479 332
632 116
453 242
883 384
601 322
922 858
26 561
855 747
375 936
228 960
345 544
391 981
788 15
8 895
958 198
112 574
299 27
753 38
275 694
300 746
216 834
125 28
427 413
704 99
55 383
250 276
530 172
620 851
591 287
114 165
969 697
675 290
197 512
117 631
869 789
219 387
873 855
864 970
480 609
479 726
711 34
552 677
783 631
279 541
288 170
232 428
506 853
365 727
681 191
163 533
10 674
799 447
874 99
849 727
738 694
914 26
687 148
825 226
496 516
690 953
825 505
417 956
578 973
145 800
821 240
993 742
795 584
598 377
14 59
457 510
452 505
553 723
213 636
873 144
58 90
72 267
650 669
176 473
897 561
215 3
69 418
738 530
720 740
139 884
961 91
373 359
206 290
994 639
513 672
611 407
210 239
513 53
556 842
933 770
648 999
709 133
520 466
803 515
502 27
754 312
738 284
702 644
645 20
204 169
106 810
310 810
691 855
139 903
99 26
554 22
745 975
208 223
790 603
966 709
63 37
111 226
412 5
372 735
284 387
220 909
554 399
791 175
591 970
442 663
289 41
578 915
147 114
365 736
407 949
494 290
962 103
427 484
514 90
205 865
638 529
725 196
844 958
279 67
468 626
612 652
356 860
134 52
408 430
628 344
430 509
395 534
67 230
103 261
363 920
978 473
607 546
831 962
649 603
209 904
619 700
437 606
274 343
803 727
541 766
734 385
751 156
977 476
496 210
254 56
574 747
934 414
931 901
740 44
344 205
125 386
637 915
302 814
795 20
327 746
600 38
802 484
906 700
744 157
281 140
114 371
304 267
66 850
238 986
259 570
888 220
839 408
73 815
216 691
97 885
997 49
194 179
37 821
568 877
15 41
519 327
118 16
340 302
482 60
552 226
565 290
817 399
307 746
289 795
962 215
872 140
495 893
656 275
937 655
208 798
844 203
811 576
453 70
536 452
897 63
983 582
986 58
336 303
951 58
577 524
642 774
443 588
786 166
521 930
358 948
690 577
826 559
711 698
561 375
854 750
934 889
994 12
870 109
969 579
926 758
708 443
164 607
531 896
41 53
921 33
90 83
290 628
874 836
415 352
258 838
885 420
58 899
38 579
761 150
272 742
443 921
430 535
489 289
796 431
419 572
847 851
564 954
426 992
805 627
57 551
614 652
76 767
36 862
559 867
122 397
277 836
77 979
853 52
244 223
578 725
949 657
345 637
707 273
538 9
466 854
790 697
518 913
178 831
31 869
65 863
812 666
620 961
410 512
461 102
815 695
755 363
863 2
935 3
446 611
806 427
145 853
355 599
846 916
950 458
267 744
465 407
161 104
904 338
416 598
503 228
772 406
160 558
263 447
428 763
134 180
186 677
890 560
974 132
344 42
945 799
181 287
844 759
795 584
534 373
713 9
526 931
773 294
970 836
880 94
185 786
337 12
393 920
30 254
372 240
915 276
891 735
753 604
410 211
135 58
120 238
191 383
129 756
116 476
559 730
273 20
263 530
986 323
154 561
664 797
147 401
701 383
540 851
247 131
244 6
724 775
493 100
381 974
688 132
710 826
947 121
395 262
606 695
531 877
197 484
852 176
438 457
887 904
13 186
535 149
425 978
813 502
465 432
902 552
426 669
321 812
94 337
741 937
460 707
930 497
691 392
877 501
712 212
124 599
296 355
813 123
854 331
125 690
490 378
10 402
180 477
882 222
788 293
494 863
986 532
452 125
656 630
200 163
406 859
167 249
621 723
523 151
104 940
957 835
540 745
306 593
903 274
525 208
50 883
137 214
250 270
587 285
178 701
603 839
179 848
847 267
21 901
222 11
41 598
670 349
443 855
657 150
384 666
675 441
570 884
387 956
526 685
172 629
34 519
170 923
186 537
224 782
805 666
716 209
925 226
858 255
543 77
383 499
952 732
890 692
557 762
513 109
141 587
266 274
731 965
586 856
523 990
555 395
211 467
28 22
446 341
79 832
674 463
449 70
930 307
756 645
58 393
363 308
838 574
966 397
684 723
308 180
830 959
225 276
264 65
568 295
526 662
637 628
818 922
218 43
738 669
637 856
529 123
22 53
71 914
598 731
494 948
332 855
222 614
841 954
410 131
98 550
593 41
222 64
502 915
892 187
858 844
221 312
291 473
289 620
23 385
401 622
78 147
424 444
37 658
568 175
333 928
313 962
948 198
861 979
619 536
350 136
640 461
617 687
118 580
316 652
217 434
372 555
446 172
597 231
722 399
542 80
446 683
326 319
994 565
572 707
973 379
900 371
822 780
434 831
696 650
122 694
667 179
989 287
460 392
751 366
543 549
387 866
733 122
423 185
485 449
663 561
160 31
52 897
265 59
876 98
701 48
20 574
81 851
40 87
206 392
231 280
510 328
91 513
769 426
707 513
480 981
972 309
579 727
934 590
37 714
371 731
368 418
459 49
229 845
475 929
977 376
267 657
405 453
136 693
272 792
590 793
40 670
66 409
430 28
281 534
585 899
666 742
368 999
910 469
418 980
900 577
131 665
739 964
67 39
65 485
242 210
111 558
253 115
790 650
593 244
628 503
165 205
221 955
810 988
777 54
153 792
574 746
937 480
869 499
380 53
86 141
511 431
907 898
883 742
638 256
75 580
590 846
130 484
509 614
742 829
19 706
661 801
225 777
86 152
958 755
699 827
668 471
770 366
819 697
236 42
336 972
838 686
171 520
826 287
549 785
248 365
32 524
561 249
618 124
982 516
478 237
932 888
272 730
81 942
242 697
855 582
250 991
387 923
677 937
598 255
779 202
287 901
349 818
498 301
252 238
219 445
714 857
735 385
538 597
16 541
660 847
959 38
334 160
341 674
864 982
279 462
430 313
430 25
996 193
209 469
70 467
278 718
106 161
521 26
582 512
164 309
889 908
446 53
226 329
672 309
43 401
848 755
36 751
686 692
270 147
341 324
301 386
268 982
766 810
634 565
820 729
844 19
791 195
709 535
799 93
812 287
753 247
386 908
830 943
604 726
224 891
953 822
706 420
192 158
231 516
455 623
192 965
635 422
935 937
491 715
107 976
141 132
304 423
494 896
639 152
100 621
468 306
103 826
921 594
382 660
419 950
688 264
526 351
729 218
748 593
439 251
235 159
115 98
543 21
165 385
631 965
199 983
747 629
637 227
700 484
982 196
79 499
870 970
6 942
596 667
27 591